{
  "asset": {
    "version": "2.0",
    "generator": "GLTFExporter"
  },
  "scenes": [
    {
      "name": "AuxScene",
      "nodes": [
        74
      ]
    }
  ],
  "scene": 0,
  "nodes": [
    {
      "name": "Main_Mesh",
      "extras": {
        "transformData": {
          "inheritType": 1,
          "eulerOrder": "ZYX",
          "parentMatrixWorld": {
            "elements": [
              1,
              0,
              0,
              0,
              0,
              1,
              0,
              0,
              0,
              0,
              1,
              0,
              0,
              -93.8956771492958,
              -8.818038940429688,
              1
            ]
          }
        }
      },
      "mesh": 0,
      "skin": 0
    },
    {
      "rotation": [
        2.353891892818317e-7,
        0.5286638871851965,
        0.8488312520083877,
        -2.35547009942127e-7
      ],
      "translation": [
        6.120869215919811e-7,
        -0.6156545877456665,
        0.8557600378990173
      ],
      "scale": [
        0.9999999999999999,
        0.9999999999999999,
        1.0000001192092896
      ],
      "name": "DEF-HAT05",
      "extras": {
        "transformData": {
          "inheritType": 1,
          "eulerOrder": "ZYX",
          "translation": [
            6.120869215919811e-7,
            -0.6156545877456665,
            0.8557600378990173
          ],
          "rotation": [
            63.830446888276136,
            -0.00003716558325801417,
            -179.999991348578
          ],
          "scale": [
            1,
            1,
            1.0000001192092896
          ],
          "parentMatrixWorld": {
            "elements": [
              0.9999935301459055,
              0.0006423531898495298,
              0.003539357103969814,
              0,
              0.0012595763631584528,
              0.859107766344151,
              -0.511793180175888,
              0,
              -0.003369441157715027,
              0.5117943270392348,
              0.8591013989493566,
              0,
              -2.805241905434741e-8,
              0.9458694458007812,
              -0.039220117032527924,
              1
            ]
          }
        }
      }
    },
    {
      "rotation": [
        0.29011036723568284,
        0.46179811757201245,
        0.8053120579992173,
        -0.23248862912062657
      ],
      "translation": [
        0.44502779841423035,
        -0.5168738961219788,
        0.5761580467224121
      ],
      "scale": [
        0.9999998211860656,
        0.9999998211860658,
        0.9999999999999999
      ],
      "name": "DEF-HAT06L",
      "extras": {
        "transformData": {
          "inheritType": 1,
          "eulerOrder": "ZYX",
          "translation": [
            0.44502779841423035,
            -0.5168738961219788,
            0.5761580467224121
          ],
          "rotation": [
            -123.63996141216576,
            -137.00109550427467,
            8.37360530921324
          ],
          "scale": [
            0.9999998211860657,
            0.9999998211860657,
            1
          ],
          "parentMatrixWorld": {
            "elements": [
              0.9999935301459055,
              0.0006423531898495298,
              0.003539357103969814,
              0,
              0.0012595763631584528,
              0.859107766344151,
              -0.511793180175888,
              0,
              -0.003369441157715027,
              0.5117943270392348,
              0.8591013989493566,
              0,
              -2.805241905434741e-8,
              0.9458694458007812,
              -0.039220117032527924,
              1
            ]
          }
        }
      }
    },
    {
      "rotation": [
        -0.7558326001804263,
        -0.010232440856174646,
        0.0018539184774654242,
        0.6546823204004365
      ],
      "translation": [
        -0.018502922728657722,
        -0.15213170647621155,
        -1.045042634010315
      ],
      "scale": [
        1,
        0.9999999403953553,
        0.9999999999999999
      ],
      "name": "DEF-HAT09",
      "extras": {
        "transformData": {
          "inheritType": 1,
          "eulerOrder": "ZYX",
          "translation": [
            -0.018502922728657722,
            -0.15213170647621155,
            -1.045042634010315
          ],
          "rotation": [
            -98.20893366034969,
            -0.607088344328478,
            1.0254477829972197
          ],
          "scale": [
            1,
            0.9999999403953552,
            1
          ],
          "parentMatrixWorld": {
            "elements": [
              0.9999935301459055,
              0.0006423531898495298,
              0.003539357103969814,
              0,
              0.0012595763631584528,
              0.859107766344151,
              -0.511793180175888,
              0,
              -0.003369441157715027,
              0.5117943270392348,
              0.8591013989493566,
              0,
              -2.805241905434741e-8,
              0.9458694458007812,
              -0.039220117032527924,
              1
            ]
          }
        }
      }
    },
    {
      "rotation": [
        -0.7522026814553471,
        -0.1449283734100302,
        -0.25273540980556153,
        0.5910259767747297
      ],
      "translation": [
        0.4744175672531128,
        -0.16902956366539001,
        -0.763638973236084
      ],
      "scale": [
        1.0000001192092896,
        1.0000001192092896,
        1.0000001192092896
      ],
      "name": "DEF-HAT08L",
      "extras": {
        "transformData": {
          "inheritType": 1,
          "eulerOrder": "ZYX",
          "translation": [
            0.4744175672531128,
            -0.16902956366539001,
            -0.763638973236084
          ],
          "rotation": [
            -102.01373151864031,
            -33.47199772580781,
            -5.552798226813681
          ],
          "scale": [
            1.0000001192092896,
            1.0000001192092896,
            1.0000001192092896
          ],
          "parentMatrixWorld": {
            "elements": [
              0.9999935301459055,
              0.0006423531898495298,
              0.003539357103969814,
              0,
              0.0012595763631584528,
              0.859107766344151,
              -0.511793180175888,
              0,
              -0.003369441157715027,
              0.5117943270392348,
              0.8591013989493566,
              0,
              -2.805241905434741e-8,
              0.9458694458007812,
              -0.039220117032527924,
              1
            ]
          }
        }
      }
    },
    {
      "rotation": [
        0.5456150065214269,
        0.29697493164459937,
        0.6088099372906443,
        -0.49341728272271806
      ],
      "translation": [
        0.7603296637535095,
        -0.37177032232284546,
        -0.09949091821908951
      ],
      "scale": [
        0.9999999403953553,
        0.9999998807907104,
        0.9999999403953551
      ],
      "name": "DEF-HAT07L",
      "extras": {
        "transformData": {
          "inheritType": 1,
          "eulerOrder": "ZYX",
          "translation": [
            0.7603296637535095,
            -0.37177032232284546,
            -0.09949091821908951
          ],
          "rotation": [
            -37.76916343079714,
            -73.21930005345654,
            -73.43482667271628
          ],
          "scale": [
            0.9999999403953552,
            0.9999998807907104,
            0.9999999403953552
          ],
          "parentMatrixWorld": {
            "elements": [
              0.9999935301459055,
              0.0006423531898495298,
              0.003539357103969814,
              0,
              0.0012595763631584528,
              0.859107766344151,
              -0.511793180175888,
              0,
              -0.003369441157715027,
              0.5117943270392348,
              0.8591013989493566,
              0,
              -2.805241905434741e-8,
              0.9458694458007812,
              -0.039220117032527924,
              1
            ]
          }
        }
      }
    },
    {
      "rotation": [
        -0.29057764050137036,
        -1.130210256617588e-13,
        2.0783739942576228e-7,
        0.9568514173269606
      ],
      "translation": [
        -2.1883502768129531e-13,
        0.41745609045028687,
        4.76837158203125e-7
      ],
      "scale": [
        1,
        0.9999999403953552,
        1
      ],
      "name": "DEF-HAT04",
      "extras": {
        "transformData": {
          "inheritType": 1,
          "eulerOrder": "ZYX",
          "translation": [
            -2.1883502768129531e-13,
            0.41745609045028687,
            4.76837158203125e-7
          ],
          "rotation": [
            -33.785083352077436,
            0.000006920504302525339,
            0.000022788770981548416
          ],
          "scale": [
            1,
            0.9999999403953552,
            1
          ],
          "parentMatrixWorld": {
            "elements": [
              0.9999935304400555,
              -0.0018495743047710843,
              0.003085150389325025,
              0,
              0.0026037572394830982,
              0.9639526676680449,
              -0.2660610361249796,
              0,
              -0.002481839292029431,
              0.26606734780981856,
              0.9639512471609637,
              0,
              -1.7027006161355468e-13,
              0.2953967750072479,
              2.9802322387695312e-8,
              1
            ]
          }
        }
      }
    },
    {
      "rotation": [
        -0.1342475471014712,
        -0.0014044631559300736,
        -0.0011235048802038447,
        0.9909461949658347
      ],
      "translation": [
        -1.7027006161355468e-13,
        0.2953967750072479,
        2.9802322387695312e-8
      ],
      "scale": [
        0.9999999999999999,
        1,
        0.9999999999999999
      ],
      "name": "DEF-HAT03",
      "extras": {
        "transformData": {
          "inheritType": 1,
          "eulerOrder": "ZYX",
          "translation": [
            -1.7027006161355468e-13,
            0.2953967750072479,
            2.9802322387695312e-8
          ],
          "rotation": [
            -14.983502095472861,
            0.0000013933422801875281,
            0.00001059530476460281
          ],
          "parentMatrixWorld": {
            "elements": [
              0.9999935305444538,
              -0.0012332722905676332,
              0.0033790396114478953,
              0,
              0.0018737051622999005,
              0.9804709365289612,
              -0.19665510888605597,
              0,
              -0.003070520835817041,
              0.19666016795853467,
              0.9804669042044802,
              0,
              -1.9578419831536853e-13,
              0.36145639419555664,
              -1.862645149230957e-7,
              1
            ]
          }
        }
      },
      "children": [
        6
      ]
    },
    {
      "rotation": [
        -0.09881256222137481,
        -0.0016203225008412216,
        -0.0007805656707384622,
        0.9951044381468077
      ],
      "translation": [
        -1.9578419831536853e-13,
        0.36145639419555664,
        -1.862645149230957e-7
      ],
      "scale": [
        1,
        1,
        0.9999999999999999
      ],
      "name": "DEF-HAT02",
      "extras": {
        "transformData": {
          "inheritType": 1,
          "eulerOrder": "ZYX",
          "translation": [
            -1.9578419831536853e-13,
            0.36145639419555664,
            -1.862645149230957e-7
          ],
          "rotation": [
            -10.894774127158454,
            7.386368543383659e-7,
            0.000007745676772637216
          ],
          "parentMatrixWorld": {
            "elements": [
              0.9999935301459055,
              0.0006423531898495298,
              0.003539357103969814,
              0,
              0.0012595763631584528,
              0.859107766344151,
              -0.511793180175888,
              0,
              -0.003369441157715027,
              0.5117943270392348,
              0.8591013989493566,
              0,
              -2.805241905434741e-8,
              0.9458694458007812,
              -0.039220117032527924,
              1
            ]
          }
        }
      },
      "children": [
        7
      ]
    },
    {
      "rotation": [
        -0.29010973932570056,
        0.4617982492856844,
        0.8053123453412514,
        0.23248815571126175
      ],
      "translation": [
        -0.44502702355384827,
        -0.5168738961219788,
        0.5761587023735046
      ],
      "scale": [
        1.0000001192092896,
        1.000000238418579,
        1
      ],
      "name": "DEF-HAT06R",
      "extras": {
        "transformData": {
          "inheritType": 1,
          "eulerOrder": "ZYX",
          "translation": [
            -0.44502702355384827,
            -0.5168738961219788,
            0.5761587023735046
          ],
          "rotation": [
            -123.63994775178742,
            137.00119112692303,
            -8.373582257324792
          ],
          "scale": [
            1.0000001192092896,
            1.000000238418579,
            1
          ],
          "parentMatrixWorld": {
            "elements": [
              0.9999935301459055,
              0.0006423531898495298,
              0.003539357103969814,
              0,
              0.0012595763631584528,
              0.859107766344151,
              -0.511793180175888,
              0,
              -0.003369441157715027,
              0.5117943270392348,
              0.8591013989493566,
              0,
              -2.805241905434741e-8,
              0.9458694458007812,
              -0.039220117032527924,
              1
            ]
          }
        }
      }
    },
    {
      "rotation": [
        -0.7522024398133054,
        0.1449287204085147,
        0.2527358747856898,
        0.5910260003891313
      ],
      "translation": [
        -0.47441864013671875,
        -0.16902956366539001,
        -0.7636383175849915
      ],
      "name": "DEF-HAT08R",
      "extras": {
        "transformData": {
          "inheritType": 1,
          "eulerOrder": "ZYX",
          "translation": [
            -0.47441864013671875,
            -0.16902956366539001,
            -0.7636383175849915
          ],
          "rotation": [
            -102.01370419788364,
            33.472066027699505,
            5.5528101796447284
          ],
          "parentMatrixWorld": {
            "elements": [
              0.9999935301459055,
              0.0006423531898495298,
              0.003539357103969814,
              0,
              0.0012595763631584528,
              0.859107766344151,
              -0.511793180175888,
              0,
              -0.003369441157715027,
              0.5117943270392348,
              0.8591013989493566,
              0,
              -2.805241905434741e-8,
              0.9458694458007812,
              -0.039220117032527924,
              1
            ]
          }
        }
      }
    },
    {
      "rotation": [
        -0.5456147217494522,
        0.29697523621732275,
        0.6088104242896792,
        0.49341681341453486
      ],
      "translation": [
        -0.7603297829627991,
        -0.37177032232284546,
        -0.09948983043432236
      ],
      "scale": [
        1.0000003576278687,
        1.0000001192092896,
        1.0000001192092896
      ],
      "name": "DEF-HAT07R",
      "extras": {
        "transformData": {
          "inheritType": 1,
          "eulerOrder": "ZYX",
          "translation": [
            -0.7603297829627991,
            -0.37177032232284546,
            -0.09948983043432236
          ],
          "rotation": [
            -37.76890388360868,
            73.21934103459155,
            73.43510671047225
          ],
          "scale": [
            1.0000003576278687,
            1.0000001192092896,
            1.0000001192092896
          ],
          "parentMatrixWorld": {
            "elements": [
              0.9999935301459055,
              0.0006423531898495298,
              0.003539357103969814,
              0,
              0.0012595763631584528,
              0.859107766344151,
              -0.511793180175888,
              0,
              -0.003369441157715027,
              0.5117943270392348,
              0.8591013989493566,
              0,
              -2.805241905434741e-8,
              0.9458694458007812,
              -0.039220117032527924,
              1
            ]
          }
        }
      }
    },
    {
      "rotation": [
        -0.265416825414478,
        -0.0017914553363731817,
        -0.00016004632146948903,
        0.9641320832022205
      ],
      "translation": [
        -2.805241905434741e-8,
        0.9458694458007812,
        -0.039220117032527924
      ],
      "name": "DEF-HAT01",
      "extras": {
        "transformData": {
          "inheritType": 1,
          "eulerOrder": "ZYX",
          "translation": [
            -2.805241905434741e-8,
            0.9458694458007812,
            -0.039220117032527924
          ],
          "rotation": [
            -30.33667110429974,
            0.000005611448248062841,
            0.000020698752675935132
          ],
          "parentMatrixWorld": {
            "elements": [
              0.9999935302821187,
              0.0021613979545096257,
              0.0028753700262209797,
              0,
              -0.0006147642668751411,
              0.8902789087443457,
              -0.45541502861819205,
              0,
              -0.0035442146117401828,
              0.45541034168126504,
              0.8902745307056995,
              0,
              6.448003752029113e-14,
              0.290621817111969,
              9.685754776000977e-8,
              1
            ]
          }
        }
      },
      "children": [
        1,
        2,
        3,
        4,
        5,
        8,
        9,
        10,
        11
      ]
    },
    {
      "rotation": [
        -0.23422208032017636,
        -0.0016508196112794435,
        0.0007139002393119515,
        0.9721814554040558
      ],
      "translation": [
        6.448003752029113e-14,
        0.290621817111969,
        9.685754776000977e-8
      ],
      "scale": [
        1,
        0.9999998807907106,
        0.9999999403953553
      ],
      "name": "DEF-HEAD",
      "extras": {
        "transformData": {
          "inheritType": 1,
          "eulerOrder": "ZYX",
          "translation": [
            6.448003752029113e-14,
            0.290621817111969,
            9.685754776000977e-8
          ],
          "rotation": [
            -26.644847989975712,
            0.000004352066656393064,
            0.000018378351884303098
          ],
          "scale": [
            1,
            0.9999998807907104,
            0.9999999403953552
          ],
          "parentMatrixWorld": {
            "elements": [
              0.9999935305406211,
              -0.0007339589762695208,
              0.0035213890676583787,
              0,
              -0.0021388527778416553,
              0.6657729943577475,
              0.7461512829658262,
              0,
              -0.0028920901679217372,
              -0.7461539875032331,
              0.665767117336217,
              0,
              -7.229943911352815e-14,
              1.0191878080368042,
              9.313225746154785e-8,
              1
            ]
          }
        }
      },
      "children": [
        12
      ]
    },
    {
      "rotation": [
        1.9809860756716713e-7,
        0.8510168757620985,
        0.5251383409807524,
        -2.4663118969771804e-7
      ],
      "translation": [
        5.142055101714504e-7,
        0.33503517508506775,
        0.7189111113548279
      ],
      "scale": [
        1,
        0.9999997615814208,
        1
      ],
      "name": "DEF-SCARF01",
      "extras": {
        "transformData": {
          "inheritType": 1,
          "eulerOrder": "ZYX",
          "translation": [
            5.142055101714504e-7,
            0.33503517508506775,
            0.7189111113548279
          ],
          "rotation": [
            -63.35511353336744,
            -179.9999640278213,
            -0.000004477065203373825
          ],
          "scale": [
            1,
            0.9999997615814209,
            1
          ],
          "parentMatrixWorld": {
            "elements": [
              0.9999935305406211,
              -0.0007339589762695208,
              0.0035213890676583787,
              0,
              -0.0021388527778416553,
              0.6657729943577475,
              0.7461512829658262,
              0,
              -0.0028920901679217372,
              -0.7461539875032331,
              0.665767117336217,
              0,
              -7.229943911352815e-14,
              1.0191878080368042,
              9.313225746154785e-8,
              1
            ]
          }
        }
      }
    },
    {
      "rotation": [
        1.8855413826108116e-7,
        0.8510167818600342,
        0.525138493154417,
        -2.5252080474407286e-7
      ],
      "translation": [
        0.2325703650712967,
        0.36360275745391846,
        0.4982016682624817
      ],
      "scale": [
        1,
        1.0000001192092896,
        1.0000001192092896
      ],
      "name": "DEF-SCARF02",
      "extras": {
        "transformData": {
          "inheritType": 1,
          "eulerOrder": "ZYX",
          "translation": [
            0.2325703650712967,
            0.36360275745391846,
            0.4982016682624817
          ],
          "rotation": [
            -63.355134023934944,
            -179.9999640278213,
            -0.0000031918723672420364
          ],
          "scale": [
            1,
            1.0000001192092896,
            1.0000001192092896
          ],
          "parentMatrixWorld": {
            "elements": [
              0.9999935305406211,
              -0.0007339589762695208,
              0.0035213890676583787,
              0,
              -0.0021388527778416553,
              0.6657729943577475,
              0.7461512829658262,
              0,
              -0.0028920901679217372,
              -0.7461539875032331,
              0.665767117336217,
              0,
              -7.229943911352815e-14,
              1.0191878080368042,
              9.313225746154785e-8,
              1
            ]
          }
        }
      }
    },
    {
      "rotation": [
        1.0106006380816218e-7,
        0.851016813160741,
        0.5251384424298343,
        -3.065109291808009e-7
      ],
      "translation": [
        0.33665409684181213,
        0.3849324584007263,
        0.08345399796962738
      ],
      "scale": [
        1,
        1.000000238418579,
        1
      ],
      "name": "DEF-SCARF03",
      "extras": {
        "transformData": {
          "inheritType": 1,
          "eulerOrder": "ZYX",
          "translation": [
            0.33665409684181213,
            0.3849324584007263,
            0.08345399796962738
          ],
          "rotation": [
            -63.35512719374577,
            -179.9999640278213,
            0.000008589423274977841
          ],
          "scale": [
            1,
            1.000000238418579,
            1
          ],
          "parentMatrixWorld": {
            "elements": [
              0.9999935305406211,
              -0.0007339589762695208,
              0.0035213890676583787,
              0,
              -0.0021388527778416553,
              0.6657729943577475,
              0.7461512829658262,
              0,
              -0.0028920901679217372,
              -0.7461539875032331,
              0.665767117336217,
              0,
              -7.229943911352815e-14,
              1.0191878080368042,
              9.313225746154785e-8,
              1
            ]
          }
        }
      }
    },
    {
      "rotation": [
        1.8855421102019205e-7,
        0.8510168757621006,
        0.5251383409807497,
        -2.525207656991956e-7
      ],
      "translation": [
        -0.2444874346256256,
        0.3637305498123169,
        0.4981381297111511
      ],
      "scale": [
        1,
        1.000000238418579,
        0.9999999999999999
      ],
      "name": "DEF-SCARF10",
      "extras": {
        "transformData": {
          "inheritType": 1,
          "eulerOrder": "ZYX",
          "translation": [
            -0.2444874346256256,
            0.3637305498123169,
            0.4981381297111511
          ],
          "rotation": [
            -63.35511353336744,
            -179.9999640278213,
            -0.0000031918882445710065
          ],
          "scale": [
            1,
            1.000000238418579,
            1
          ],
          "parentMatrixWorld": {
            "elements": [
              0.9999935305406211,
              -0.0007339589762695208,
              0.0035213890676583787,
              0,
              -0.0021388527778416553,
              0.6657729943577475,
              0.7461512829658262,
              0,
              -0.0028920901679217372,
              -0.7461539875032331,
              0.665767117336217,
              0,
              -7.229943911352815e-14,
              1.0191878080368042,
              9.313225746154785e-8,
              1
            ]
          }
        }
      }
    },
    {
      "rotation": [
        1.0106003370293368e-7,
        0.851016781860049,
        0.5251384931543883,
        -3.0651095300781846e-7
      ],
      "translation": [
        -0.3280774652957916,
        0.38542264699935913,
        0.08320838958024979
      ],
      "scale": [
        1,
        1.0000001192092896,
        1
      ],
      "name": "DEF-SCARF09",
      "extras": {
        "transformData": {
          "inheritType": 1,
          "eulerOrder": "ZYX",
          "translation": [
            -0.3280774652957916,
            0.38542264699935913,
            0.08320838958024979
          ],
          "rotation": [
            -63.355134023934944,
            -179.9999640278213,
            0.000008589429788753828
          ],
          "scale": [
            1,
            1.0000001192092896,
            1
          ],
          "parentMatrixWorld": {
            "elements": [
              0.9999935305406211,
              -0.0007339589762695208,
              0.0035213890676583787,
              0,
              -0.0021388527778416553,
              0.6657729943577475,
              0.7461512829658262,
              0,
              -0.0028920901679217372,
              -0.7461539875032331,
              0.665767117336217,
              0,
              -7.229943911352815e-14,
              1.0191878080368042,
              9.313225746154785e-8,
              1
            ]
          }
        }
      }
    },
    {
      "rotation": [
        1.0106006380816218e-7,
        0.851016813160741,
        0.5251384424298343,
        -3.065109291808009e-7
      ],
      "translation": [
        0.3420960009098053,
        0.4136987030506134,
        -0.33351725339889526
      ],
      "scale": [
        1,
        1.000000238418579,
        1
      ],
      "name": "DEF-SCARF04",
      "extras": {
        "transformData": {
          "inheritType": 1,
          "eulerOrder": "ZYX",
          "translation": [
            0.3420960009098053,
            0.4136987030506134,
            -0.33351725339889526
          ],
          "rotation": [
            -63.35512719374577,
            -179.9999640278213,
            0.000008589423274977841
          ],
          "scale": [
            1,
            1.000000238418579,
            1
          ],
          "parentMatrixWorld": {
            "elements": [
              0.9999935305406211,
              -0.0007339589762695208,
              0.0035213890676583787,
              0,
              -0.0021388527778416553,
              0.6657729943577475,
              0.7461512829658262,
              0,
              -0.0028920901679217372,
              -0.7461539875032331,
              0.665767117336217,
              0,
              -7.229943911352815e-14,
              1.0191878080368042,
              9.313225746154785e-8,
              1
            ]
          }
        }
      }
    },
    {
      "rotation": [
        2.4797425176827575e-7,
        0.8510167818599955,
        0.5251384931543951,
        -3.5593298480494553e-7
      ],
      "translation": [
        0.2562658488750458,
        0.3956212103366852,
        -0.5137288570404053
      ],
      "scale": [
        1,
        1.0000001192092896,
        1.0000001192092896
      ],
      "name": "DEF-SCARF05",
      "extras": {
        "transformData": {
          "inheritType": 1,
          "eulerOrder": "ZYX",
          "translation": [
            0.2562658488750458,
            0.3956212103366852,
            -0.5137288570404053
          ],
          "rotation": [
            -63.355134023934944,
            -179.99995036744298,
            -0.000002763505899189548
          ],
          "scale": [
            1,
            1.0000001192092896,
            1.0000001192092896
          ],
          "parentMatrixWorld": {
            "elements": [
              0.9999935305406211,
              -0.0007339589762695208,
              0.0035213890676583787,
              0,
              -0.0021388527778416553,
              0.6657729943577475,
              0.7461512829658262,
              0,
              -0.0028920901679217372,
              -0.7461539875032331,
              0.665767117336217,
              0,
              -7.229943911352815e-14,
              1.0191878080368042,
              9.313225746154785e-8,
              1
            ]
          }
        }
      }
    },
    {
      "rotation": [
        1.9949101470906057e-7,
        0.8510167818600317,
        0.5251384931544202,
        -2.457719662486029e-7
      ],
      "translation": [
        0.008135607466101646,
        0.3862140476703644,
        -0.5713471174240112
      ],
      "scale": [
        1,
        1.0000001192092896,
        1.0000001192092896
      ],
      "name": "DEF-SCARF06",
      "extras": {
        "transformData": {
          "inheritType": 1,
          "eulerOrder": "ZYX",
          "translation": [
            0.008135607466101646,
            0.3862140476703644,
            -0.5713471174240112
          ],
          "rotation": [
            -63.355134023934944,
            -179.9999640278213,
            -0.000004664550403403991
          ],
          "scale": [
            1,
            1.0000001192092896,
            1.0000001192092896
          ],
          "parentMatrixWorld": {
            "elements": [
              0.9999935305406211,
              -0.0007339589762695208,
              0.0035213890676583787,
              0,
              -0.0021388527778416553,
              0.6657729943577475,
              0.7461512829658262,
              0,
              -0.0028920901679217372,
              -0.7461539875032331,
              0.665767117336217,
              0,
              -7.229943911352815e-14,
              1.0191878080368042,
              9.313225746154785e-8,
              1
            ]
          }
        }
      }
    },
    {
      "rotation": [
        2.4797443619683247e-7,
        0.8510167818599955,
        0.5251384931543951,
        -3.5593287099927645e-7
      ],
      "translation": [
        -0.2594296634197235,
        0.3981725573539734,
        -0.5202268362045288
      ],
      "scale": [
        1,
        1.0000001192092896,
        1.0000001192092896
      ],
      "name": "DEF-SCARF07",
      "extras": {
        "transformData": {
          "inheritType": 1,
          "eulerOrder": "ZYX",
          "translation": [
            -0.2594296634197235,
            0.3981725573539734,
            -0.5202268362045288
          ],
          "rotation": [
            -63.355134023934944,
            -179.99995036744298,
            -0.0000027635307329605006
          ],
          "scale": [
            1,
            1.0000001192092896,
            1.0000001192092896
          ],
          "parentMatrixWorld": {
            "elements": [
              0.9999935305406211,
              -0.0007339589762695208,
              0.0035213890676583787,
              0,
              -0.0021388527778416553,
              0.6657729943577475,
              0.7461512829658262,
              0,
              -0.0028920901679217372,
              -0.7461539875032331,
              0.665767117336217,
              0,
              -7.229943911352815e-14,
              1.0191878080368042,
              9.313225746154785e-8,
              1
            ]
          }
        }
      }
    },
    {
      "rotation": [
        2.479742683457546e-7,
        0.8510168131606873,
        0.5251384424298412,
        -3.559329762645306e-7
      ],
      "translation": [
        -0.34278634190559387,
        0.40946927666664124,
        -0.3147875964641571
      ],
      "scale": [
        1,
        1.000000238418579,
        1
      ],
      "name": "DEF-SCARF08",
      "extras": {
        "transformData": {
          "inheritType": 1,
          "eulerOrder": "ZYX",
          "translation": [
            -0.34278634190559387,
            0.40946927666664124,
            -0.3147875964641571
          ],
          "rotation": [
            -63.35512719374577,
            -179.99995036744298,
            -0.0000027635109880770384
          ],
          "scale": [
            1,
            1.000000238418579,
            1
          ],
          "parentMatrixWorld": {
            "elements": [
              0.9999935305406211,
              -0.0007339589762695208,
              0.0035213890676583787,
              0,
              -0.0021388527778416553,
              0.6657729943577475,
              0.7461512829658262,
              0,
              -0.0028920901679217372,
              -0.7461539875032331,
              0.665767117336217,
              0,
              -7.229943911352815e-14,
              1.0191878080368042,
              9.313225746154785e-8,
              1
            ]
          }
        }
      }
    },
    {
      "rotation": [
        0.4087950032860776,
        -0.0017568779773592062,
        0.0003848499215242692,
        0.9126244563126018
      ],
      "translation": [
        -7.229943911352815e-14,
        1.0191878080368042,
        9.313225746154785e-8
      ],
      "name": "DEF-NECK",
      "extras": {
        "transformData": {
          "inheritType": 1,
          "eulerOrder": "ZYX",
          "translation": [
            -7.229943911352815e-14,
            1.0191878080368042,
            9.313225746154785e-8
          ],
          "rotation": [
            48.70521495243092,
            0.000013936305147749811,
            -0.000030790127303474364
          ],
          "parentMatrixWorld": {
            "elements": [
              0.9625173987030755,
              -0.030081929566635794,
              -0.2695465358808007,
              0,
              -0.0007085464154775455,
              0.9935477878914978,
              -0.11341204164096949,
              0,
              0.27121901750019106,
              0.10935204954980884,
              0.9562857178442782,
              0,
              2.085503536357336e-15,
              1.5946297645568848,
              2.3283064365386963e-9,
              1
            ]
          }
        }
      },
      "children": [
        13,
        14,
        15,
        16,
        17,
        18,
        19,
        20,
        21,
        22,
        23
      ]
    },
    {
      "rotation": [
        -0.06094221824176613,
        0.0007537438351056998,
        -0.14801181324724144,
        0.987105861113826
      ],
      "translation": [
        5.811452865600586e-7,
        0.13246053457260132,
        0
      ],
      "scale": [
        0.9999999999999998,
        0.9999998807907104,
        0.9999999999999999
      ],
      "name": "DEF-THUMB03L",
      "extras": {
        "transformData": {
          "inheritType": 1,
          "eulerOrder": "ZYX",
          "translation": [
            5.811452865600586e-7,
            0.13246053457260132,
            0
          ],
          "rotation": [
            -6.923989011658183,
            -0.9484194708587548,
            -16.998015164749347
          ],
          "scale": [
            1,
            0.9999998807907104,
            1
          ],
          "parentMatrixWorld": {
            "elements": [
              0.9950622982497644,
              0.008622258465783182,
              0.09887588599815368,
              0,
              -0.008137341821766965,
              0.9999528110001367,
              -0.00530654698476495,
              0,
              -0.09891698635551306,
              0.004475758488813832,
              0.995085623143044,
              0,
              3.5855919122695923e-7,
              0.2167167216539383,
              -2.9802322387695312e-8,
              1
            ]
          }
        }
      }
    },
    {
      "rotation": [
        -0.0024486081386853984,
        -0.049509521777745966,
        0.004195094529899849,
        0.9987618393311679
      ],
      "translation": [
        3.5855919122695923e-7,
        0.2167167216539383,
        -2.9802322387695312e-8
      ],
      "scale": [
        0.9999998807907104,
        0.9999999999999999,
        0.9999999999999999
      ],
      "name": "DEF-THUMB02L",
      "extras": {
        "transformData": {
          "inheritType": 1,
          "eulerOrder": "ZYX",
          "translation": [
            3.5855919122695923e-7,
            0.2167167216539383,
            -2.9802322387695312e-8
          ],
          "rotation": [
            0.9915117746625999,
            -5.767585904982602,
            -4.4850428647152265
          ],
          "scale": [
            0.9999998807907104,
            1,
            1
          ],
          "parentMatrixWorld": {
            "elements": [
              -0.349699370439602,
              -0.48604784828903763,
              -0.8009170277950752,
              0,
              0.2597912905044581,
              0.7710581447722088,
              -0.5813586019245155,
              0,
              0.9001215338877522,
              -0.4113719290111727,
              -0.14336752561942348,
              0,
              0.1296684741973877,
              0.11803846806287766,
              0.009420488029718399,
              1
            ]
          }
        }
      },
      "children": [
        25
      ]
    },
    {
      "rotation": [
        -0.07518321062642955,
        0.7523504847624538,
        -0.3298763593436146,
        0.5652413849359718
      ],
      "translation": [
        0.1296684741973877,
        0.11803846806287766,
        0.009420488029718399
      ],
      "scale": [
        1.0000001192092896,
        1,
        0.9999999403953552
      ],
      "name": "DEF-THUMB01L",
      "extras": {
        "transformData": {
          "inheritType": 1,
          "eulerOrder": "ZYX",
          "translation": [
            0.1296684741973877,
            0.11803846806287766,
            0.009420488029718399
          ],
          "rotation": [
            88.4991982079621,
            93.75767888768488,
            52.007604585942914
          ],
          "scale": [
            1.0000001192092896,
            1,
            0.9999999403953552
          ],
          "parentMatrixWorld": {
            "elements": [
              0.9458282388027776,
              0.01940002912761822,
              -0.324087119197349,
              0,
              0.08448344263706797,
              0.9491186682097277,
